$ 1 0.1 0.05352614285189903 14 5 43 5e-11
370 -272 32 -208 32 1 0 0
x 207 334 237 337 4 24 C2
x 36 189 66 192 4 24 C3
w 192 336 192 288 0
x 139 315 169 318 4 24 C1
x 29 55 59 58 4 24 R2
x 96 55 126 58 4 24 R3
x -68 278 -38 281 4 24 R1
w 128 256 128 160 0
w -80 32 -80 304 0
w 256 32 192 32 0
w 192 32 80 32 0
w 80 32 16 32 0
w 80 96 80 224 0
w 16 96 16 224 0
w 16 32 -80 32 0
w 16 224 -16 224 0
w 256 32 256 160 0
w 192 32 192 96 0
w -32 304 80 304 0
c 80 224 16 224 0 1e-8 -1.9272769221243564 -10
w 128 304 80 304 0
w 128 256 128 304 0
g 128 352 128 368 0 0
c 128 352 128 304 0 0.00021999999999999998 0.09443773840122087 -10
r -80 304 -32 304 0 9100
g 192 368 192 384 0 0
c 192 368 192 336 0 1e-8 0.9142961181711339 -10
p 16 224 16 272 1 0 0
p 80 224 80 272 1 0 0
R -272 32 -272 -16 0 0 40 12 0 0 0.5
g 224 288 240 288 0 0
g -16 224 -16 240 0 0
w 80 224 128 224 0
165 128 128 192 128 6 -0.0335029365939852
r 80 96 80 32 0 1200000
s -208 32 -144 32 0 1 false
r 16 96 16 32 0 9100
w 688 256 736 256 0
370 560 32 640 32 1 0 0
g 688 352 688 384 0 0
x 777 235 841 238 4 24 IC555
x 585 211 615 214 4 24 R2
x 652 250 682 253 4 24 R1
x 810 338 840 341 4 24 C2
x 649 175 679 178 4 24 C1
w 800 336 800 288 0
x 699 312 729 315 4 24 D2
x 649 63 679 66 4 24 D1
x 379 185 463 188 4 24 2N7000
w 640 224 688 224 0
d 688 352 688 304 2 default
d 640 32 640 160 2 default
p 704 224 736 224 1 0 0
w 864 32 864 160 0
w 800 32 864 32 0
w 800 32 800 96 0
w 640 32 800 32 0
w 688 256 688 224 0
w 576 272 640 304 0
w 576 192 640 160 0
r 576 272 576 192 0 9100
g 640 304 640 320 0 0
r 640 304 640 224 0 12000
c 640 224 640 160 0 0.00021999999999999998 -8.704082473765357 -10
w 880 192 864 192 0
w 688 224 736 224 0
w 688 256 688 304 0
g 800 368 800 400 0 0
c 800 368 800 336 0 1e-8 0.9142961181711339 -10
g 832 288 848 288 0 0
165 736 128 800 128 6 -1.3501185991178244
w 368 32 256 32 0
x 416 342 477 345 4 24 Relay
x 310 313 340 316 4 24 D1
R 400 288 400 240 0 0 40 12 0 0 0.5
g 304 368 304 400 0 0
w 368 368 304 368 0
d 304 368 304 288 2 default
178 400 288 400 368 6 1 0.2 -0.02532944490539852 0.05 1000000 0.02 20 0.015 0.005 0
x 400 400 522 403 4 24 LED\s(Load)
g 384 480 416 480 0 0
w 368 288 304 288 0
r 384 432 384 480 0 1000
162 384 368 384 432 2 default-led 1 0 0 0.01
w 368 208 368 288 0
162 1024 368 1024 432 2 default-led 1 0 0 0.01
r 1024 432 1024 480 0 1000
g 1024 480 1056 480 0 0
x 1040 400 1162 403 4 24 LED\s(Load)
178 1040 288 1040 368 6 1 0.2 0.0000038528007459126545 0.05 1000000 0.02 20 0.015 0.005 1
d 944 368 944 288 2 default
w 1008 288 944 288 0
w 1008 368 944 368 0
g 944 368 944 400 0 0
R 1040 288 1040 240 0 0 40 12 0 0 0.5
x 950 313 980 316 4 24 D3
x 1056 294 1117 297 4 24 Relay
t 320 192 368 192 0 1 0.6863920242919883 -0.10647878690313484 100 default
t 944 192 1008 192 0 1 -0.00014838261374205963 -1.1870130580755027 100 default
d 256 192 320 192 2 default
d 880 192 944 192 2 default
w 368 32 368 176 0
w 560 32 368 32 0
w 1008 32 1008 176 0
w 864 32 1008 32 0
w 1008 208 1008 288 0
x 1022 182 1106 185 4 24 2N7000
g -144 160 -144 176 0 0
w -80 32 -144 32 0
209 -144 96 -144 160 0 0.00021999999999999998 -1.4175848433587008 0.001 1
r -144 96 -144 32 0 1
x -285 118 -165 121 4 24 Decoupling
x -247 144 -203 147 4 24 Cap
