$ 1 0.0005 13.097415321081861 66 5 43 5e-11
s 112 80 176 80 0 0 false
165 272 128 336 128 6 11.428571265299732
g 368 288 384 288 0 0
162 496 272 496 336 2 default-led 1 0 0 0.01
r 496 336 496 384 0 1000
c 336 368 336 336 0 1e-8 -8 -10
g 336 368 336 400 0 0
w 224 256 224 304 0
w 224 224 272 224 0
w 416 192 400 192 0
c 176 224 176 160 0 0.00021999999999999998 -11.368335098925705 -10
r 176 304 176 224 0 10000
g 496 384 528 384 0 0
R 112 80 112 32 0 0 40 12 0 0 0.5
g 176 304 176 320 0 0
r 112 272 112 192 0 330
w 112 192 176 160 0
w 112 272 176 304 0
w 224 256 224 224 0
w 176 80 336 80 0
w 336 80 336 96 0
w 336 80 400 80 0
w 400 80 400 160 0
p 240 224 272 224 1 0 0
d 176 80 176 160 2 default
d 224 352 224 304 2 default
w 176 224 224 224 0
x 143 54 195 57 4 24 SW1
x 185 111 215 114 4 24 D1
x 235 312 265 315 4 24 D2
x 512 304 634 307 4 24 LED\s(Load)
w 336 336 336 288 0
x 185 175 215 178 4 24 C1
x 346 338 376 341 4 24 C2
x 188 250 218 253 4 24 R1
x 121 211 151 214 4 24 R2
178 512 192 512 272 6 1 0.2 0.5714285632649856 0.05 1000000 0.02 20 0.015 0.005 1
d 416 272 416 192 2 default
w 480 192 416 192 0
w 480 272 416 272 0
g 416 272 416 304 0 0
R 512 192 512 144 0 0 40 12 0 0 0.5
x 422 217 452 220 4 24 D3
x 528 198 589 201 4 24 Relay
x 313 235 377 238 4 24 IC555
R 272 256 272 288 0 0 40 12 0 0 0.5
g 224 352 224 384 0 0
