$ 1 0.0005 13.097415321081861 67 5 43 5e-11
r 160 96 160 32 0 10000
s 0 32 64 32 0 0 false
r 224 96 224 32 0 1200000
165 272 128 336 128 6 0
w 224 224 272 224 0
g 128 224 128 240 0 0
g 368 288 400 288 0 0
R 0 32 0 -16 0 0 40 12 0 0 0.5
p 224 224 224 272 1 0 0
p 160 224 160 272 1 0 0
c 336 368 336 336 0 1e-8 -8 -10
g 336 368 336 384 0 0
r 64 304 112 304 0 10000
c 272 352 272 304 0 0.00021999999999999998 -0.011988011988012 -10
g 272 352 272 368 0 0
w 272 256 272 304 0
w 272 304 224 304 0
c 224 224 160 224 0 1e-8 11.99999999999997 -10
w 112 304 224 304 0
w 336 32 336 96 0
w 400 32 400 160 0
w 160 224 128 224 0
w 160 32 64 32 0
w 160 96 160 224 0
w 224 96 224 224 0
w 224 32 160 32 0
w 336 32 224 32 0
w 400 32 336 32 0
w 64 32 64 304 0
w 272 256 272 160 0
x 76 278 106 281 4 24 R1
x 240 55 270 58 4 24 R3
x 173 55 203 58 4 24 R2
x 283 315 313 318 4 24 C1
w 336 336 336 288 0
x 180 189 210 192 4 24 C3
x 351 334 381 337 4 24 C2
x 560 198 621 201 4 24 Relay
x 454 217 484 220 4 24 D1
R 544 192 544 144 0 0 40 12 0 0 0.5
g 448 272 448 304 0 0
w 512 272 448 272 0
w 512 192 480 192 0
d 448 272 448 192 2 default
178 544 192 544 272 6 1 0.2 0 0.05 1000000 0.02 20 0.015 0.005 0
x 544 304 666 307 4 24 LED\s(Load)
g 528 384 560 384 0 0
w 480 192 448 192 0
r 528 336 528 384 0 1000
162 528 272 528 336 2 default-led 1 0 0 0.01
w 400 192 448 192 0
o 0 64 0 4099 20 0.003125 0 2 0 3
38 0 F1 0 1 101 -1 Resistance
